2.71828182845904523536028747135266249
77572470936999595749669676277240766303535475945713
82178525166427427466391932003059921817413596629043
57290033429526059563073813232862794349076323382988
07531952510190115738341879307021540891499348841675
09244761460668082264800168477411853742345442437107
53907774499206955170276183860626133138458300075204
49338265602976067371132007093287091274437470472306
96977209310141692836819025515108657463772111252389
78442505695369677078544996996794686445490598793163
68892300987931277361782154249992295763514822082698
95193668033182528869398496465105820939239829488793
32036250944311730123819706841614039701983767932068
32823764648042953118023287825098194558153017567173
61332069811250996181881593041690351598888519345807
27386673858942287922849989208680582574927961048419
84443634632449684875602336248270419786232090021609
90235304369941849146314093431738143640546253152096
18369088870701676839642437814059271456354906130310
72085103837505101157477041718986106873969655212671
54688957035035402123407849819334321068170121005627
88023519303322474501585390473041995777709350366041
69973297250886876966403555707162268447162560798826
51787134195124665201030592123667719432527867539855
89448969709640975459185695638023637016211204774272
28364896134225164450781824423529486363721417402388
93441247963574370263755294448337998016125492278509
25778256209262264832627793338656648162772516401910
59004916449982893150566047258027786318641551956532
44258698294695930801915298721172556347546396447910
14590409058629849679128740687050489585867174798546
67757573205681288459205413340539220001137863009455
60688166740016984205580403363795376452030402432256
61352783695117788386387443966253224985065499588623
42818997077332761717839280349465014345588970719425
86398772754710962953741521115136835062752602326484
72870392076431005958411661205452970302364725492966
69381151373227536450988890313602057248176585118063
03644281231496550704751025446501172721155519486685
08003685322818315219600373562527944951582841882947
87610852639813955990067376482922443752871846245780
36192981971399147564488262603903381441823262515097
48279877799643730899703888677822713836057729788241
25611907176639465070633045279546618550966661856647
09711344474016070462621568071748187784437143698821
85596709591025968620023537185887485696522000503117
34392073211390803293634479727355955277349071783793
42163701205005451326383544000186323991490705479778
05669785335804896690629511943247309958765523681285
90413832411607226029983305353708761389396391779574
54016137223618789365260538155841587186925538606164
77983402543512843961294603529133259427949043372990
85731580290958631382683291477116396337092400316894
58636060645845925126994655724839186564209752685082
30754425459937691704197778008536273094171016343490
76964237222943523661255725088147792231519747780605
69672538017180776360346245927877846585065605078084
42115296975218908740196609066518035165017925046195
01366585436632712549639908549144200014574760819302
21206602433009641270489439039717719518069908699860
66365832322787093765022601492910115171776359446020
23249300280401867723910288097866605651183260043688
50881715723866984224220102495055188169480322100251
54264946398128736776589276881635983124778865201411
74110913601164995076629077943646005851941998560162
64790761532103872755712699251827568798930276176114
61625493564959037980458381823233686120162437365698
46703785853305275833337939907521660692380533698879
56513728559388349989470741618155012539706464817194
67083481972144888987906765037959036696724949925452
79033729636162658976039498576741397359441023744329
70935547798262961459144293645142861715858733974679
18975712119561873857836447584484235555810500256114
92391518893099463428413936080383091662818811503715
28496705974162562823609216807515017772538740256425
34708790891372917228286115159156837252416307722544
06337875931059826760944203261924285317018781772960
23541306067213604600038966109364709514141718577701
41806064436368154644400533160877831431744408119494
22975599314011888683314832802706553833004693290115
74414756313999722170380461709289457909627166226074
07187499753592127560844147378233032703301682371936
48002173285734935947564334129943024850235732214597
84328264142168487872167336701061509424345698440187
33128101079451272237378861260581656680537143961278
88732527373890392890506865324138062796025930387727
69778379286840932536588073398845721874602100531148
33513238500478271693762180049047955979592905916554
70505777514308175112698985188408718564026035305583
73783242292418562564425502267215598027401261797192
80471396006891638286652770097527670697770364392602
24372841840883251848770472638440379530166905465937
46161932384036389313136432713768884102681121989127
52230562567562547017250863497653672886059667527408
68627407912856576996313789753034660616669804218267
72456053066077389962421834085988207186468262321508
02882863597468396543588566855037731312965879758105
01214916207656769950659715344763470320853215603674
82860837865680307306265763346977429563464371670939
71930608769634953288468336130388294310408002968738
69117066666146800015121143442256023874474325250769
38707777519329994213727721125884360871583483562696
16619805725266122067975406210620806498829184543953
01529982092503005498257043390553570168653120526495
61485724925738620691740369521353373253166634546658
85972866594511364413703313936721185695539521084584
07244323835586063106806964924851232632699514603596
03729725319836842336390463213671011619282171115028
28016044880588023820319814930963695967358327420249
88245684941273860566491352526706046234450549227581
15170931492187959271800194096886698683703730220047
53143381810927080300172059355305207007060722339994
63990571311587099635777359027196285061146514837526
20956534671329002599439766311454590268589897911583
70934193704411551219201171648805669459381311838437
65620627846310490346293950029458341164824114969758
32601180073169943739350696629571241027323913874175
49230718624545432220395527352952402459038057445028
92246886285336542213815722131163288112052146489805
18009202471939171055539011394331668151582884368760
69611025051710073927623855533862725535388309606716
44662370922646809671254061869502143176211668140097
59528149390722260111268115310838731761732323526360
58381731510345957365382235349929358228368510078108
84634349983518404451704270189381994243410090575376
25776757111809008816418331920196262341628816652137
47173254777277834887743665188287521566857195063719
36565390389449366421764003121527870222366463635755
50356557694888654950027085392361710550213114741374
41061344455441921013361729962856948991933691847294
78580729156088510396781959429833186480756083679551
49663644896559294818785178403877332624705194505041
98477420141839477312028158868457072905440575106012
85258056594703046836344592652552137008068752009593
45360731622611872817392807462309468536782310609792
15993600199462379934342106878134973469592464697525
06246958616909178573976595199392993995567542714654
91045686070209901260681870498417807917392407194599
63230602547079017745275131868099822847308607665368
66855516467702911336827563107223346726113705490795
36583453863719623585631261838715677411873852772292
25947433737856955384562468010139057278710165129666
36764451872465653730402443684140814488732957847348
49000301947788802046032466084287535184836495919508
28883232065221281041904480472479492913422849519700
22601310430062410717971502793433263407995960531446
05323048852897291765987601666781193793237245385720
96075822771784833616135826128962261181294559274627
67137794487586753657544861407611931125958512655759
73457301533364263076798544338576171533346232527057
20053039882894990342595662329757824887350292591668
25894456894655992658454762694528780516501720674785
41788798227680653665064191097343452887833862172615
62695826544782056729877564263253215942944180399432
17000090542650763095588465895171709147607437136893
31946909098190450129030709956622662030318264936573
36984195557769637876249188528656866076005660256054
45711337286840205574416030837052312242587223438854
12317948138855007568938112493538631863528708379984
56926199817945233640874295911807474534195514203517
26184200845509170845682368200897739455842679214273
47756087964427920270831215015640634134161716644806
98154837644915739001212170415478725919989438253649
50514771379399147205219529079396137621107238494290
61635760459623125350606853765142311534966568371511
66042207963944666211632551577290709784731562782775
98788136491951257483328793771571459091064841642678
30994972367442017586226940215940792448054125536043
13179926967391575424192966073123937635421392306178
76753958711436104089409966089471418340698362993675
36262154524729846421375289107988438130609555262272
08375186298370667872244301957937937860721072542772
89071732854874374355781966511716618330881129120245
20404868220007234403502544820283425418788465360259
15064452716577000445210977355858976226554849416217
14989532383421600114062950718490427789258552743035
22139683567901807640604213830730877446017084268827
22611771808426643336517800021719034492342642662922
61456004337383868335555343453004264818473989215627
08609565062934040526494324426144566592129122564889
35696550091543064261342526684725949143142393988454
32486327461842846655985332312210466259890141712103
44608427161661900125719587079321756969854401339762
20967494541854071184464339469901626983516078489245
14058940946395267807354579700307051163682519487701
18976400282764841416058720618418529718915401968825
32893091496653457535714273184820163846448324990378
86069008072709327673127581966563941148961716832980
45513972950668760474091542042842999354102582911350
22416907694316685742425225090269390348148564513030
69925199590436384028429267412573422447765584177886
17173726546208549829449894678735092958165263207225
89923687684570178230380965678831122893058091405726
10865884845873101658151167533327674887014829167419
70151255978257270740643180860142814902414678047232
75976842696339357735429301867394397163886117642090
04068663398856841681003872389214483176070116684503
88721236436704331409115573328018297798873659091665
96124020217785588548761761619893707943800566633648
84365089144805571039765214696027662583599051987042
30017946553679
